运行环境： Windows10  DevC++ 5.11 TDM-GCC 4.9.2 64-bit Release
运行环境： Windows10  DevC++ 5.11 TDM-GCC 4.9.2 64-bit Release
运行环境： Windows10  DevC++ 5.11 TDM-GCC 4.9.2 64-bit Release


标准输入被重定向到 "board.txt"

输入说明：

1. 图中节点个数N（节点编号从0~N-1）

2. 图的二维邻接矩阵board[N][N] ( board[i][j] = the cost of edge(i, j), board[i][j] = -1 means blocked )

3. 起点和终点  如：  0 17

4. 红边个数，红遍对应的节点编号   如： 1  11 12

5. 绿边个数，绿边对应的节点编号	  如： 2  2 4 13 14

6. 绿点个数，绿点的编号           如： 2  7 12

7. 最大跳数 maxHop 		  如： 12


输出说明：
  最优路径，若无解则输出No Paths！


如下所示是一个输入范例：

18

0	3	1	1	-1	-1	-1	-1	-1	-1	-1	-1	-1	-1	-1	-1	-1	-1
3	0	1	-1	1	-1	-1	-1	-1	4	-1	-1	-1	-1	-1	-1	-1	-1
1	1	0	1	2	1	-1	-1	-1	-1	-1	-1	-1	-1	-1	-1	-1	-1
1	-1	1	0	-1	2	2	1	-1	-1	-1	-1	-1	-1	-1	-1	-1	-1
-1	1	2	-1	0	1	-1	-1	-1	1	-1	-1	-1	-1	-1	-1	-1	-1
-1	-1	1	2	1	0	1	-1	-1	3	1	-1	3	-1	-1	-1	-1	-1
-1	-1	-1	2	-1	1	0	1	2	-1	-1	-1	2	4	3	-1	-1	-1
-1	-1	-1	1	-1	-1	1	0	1	-1	-1	-1	-1	-1	-1	-1	-1	-1
-1	-1	-1	-1	-1	-1	2	1	0	-1	-1	-1	-1	-1	1	3	-1	-1
-1	4	-1	-1	1	3	-1	-1	-1	0	1	1	-1	-1	-1	-1	-1	-1
-1	-1	-1	-1	-1	1	-1	-1	-1	1	0	1	2	-1	-1	-1	-1	-1
-1	-1	-1	-1	-1	-1	-1	-1	-1	1	1	0	1	-1	-1	-1	1	-1
-1	-1	-1	-1	-1	3	2	-1	-1	-1	2	1	0	2	-1	-1	1	-1
-1	-1	-1	-1	-1	-1	4	-1	-1	-1	-1	-1	2	0	1	2	2	1
-1	-1	-1	-1	-1	-1	3	-1	1	-1	-1	-1	-1	1	0	1	-1	-1
-1	-1	-1	-1	-1	-1	-1	-1	3	-1	-1	-1	-1	2	1	0	-1	4
-1	-1	-1	-1	-1	-1	-1	-1	-1	-1	-1	1	1	2	-1	-1	0	1
-1	-1	-1	-1	-1	-1	-1	-1	-1	-1	-1	-1	-1	1	-1	4	1	0

0 17

1
11 12

2
2 4
13 14

2
7
12

12