18

0	3	1	1	-1	-1	-1	-1	-1	-1	-1	-1	-1	-1	-1	-1	-1	-1
3	0	1	-1	1	-1	-1	-1	-1	4	-1	-1	-1	-1	-1	-1	-1	-1
1	1	0	1	2	1	-1	-1	-1	-1	-1	-1	-1	-1	-1	-1	-1	-1
1	-1	1	0	-1	2	2	1	-1	-1	-1	-1	-1	-1	-1	-1	-1	-1
-1	1	2	-1	0	1	-1	-1	-1	1	-1	-1	-1	-1	-1	-1	-1	-1
-1	-1	1	2	1	0	1	-1	-1	3	1	-1	3	-1	-1	-1	-1	-1
-1	-1	-1	2	-1	1	0	1	2	-1	-1	-1	2	4	3	-1	-1	-1
-1	-1	-1	1	-1	-1	1	0	1	-1	-1	-1	-1	-1	-1	-1	-1	-1
-1	-1	-1	-1	-1	-1	2	1	0	-1	-1	-1	-1	-1	1	3	-1	-1
-1	4	-1	-1	1	3	-1	-1	-1	0	1	1	-1	-1	-1	-1	-1	-1
-1	-1	-1	-1	-1	1	-1	-1	-1	1	0	1	2	-1	-1	-1	-1	-1
-1	-1	-1	-1	-1	-1	-1	-1	-1	1	1	0	1	-1	-1	-1	1	-1
-1	-1	-1	-1	-1	3	2	-1	-1	-1	2	1	0	2	-1	-1	1	-1
-1	-1	-1	-1	-1	-1	4	-1	-1	-1	-1	-1	2	0	1	2	2	1
-1	-1	-1	-1	-1	-1	3	-1	1	-1	-1	-1	-1	1	0	1	-1	-1
-1	-1	-1	-1	-1	-1	-1	-1	3	-1	-1	-1	-1	2	1	0	-1	4
-1	-1	-1	-1	-1	-1	-1	-1	-1	-1	-1	1	1	2	-1	-1	0	1
-1	-1	-1	-1	-1	-1	-1	-1	-1	-1	-1	-1	-1	1	-1	4	1	0

0 17

1
11 12

2
2 4
13 14

2
7
12

12